00000000000111100011100000000000
00000000111111111111110000000000
00000001001011110001111000000000
00000010010000000000000100000000
00000100100000000000000010000000
00000101000000001000001001000000
00001000000000001000001001000000
00001000000000001010101001000000
00001000000000000001000001000000
00001000000000000000000001000000
00001000000000000000000001000000
00000100000000000000000001000000
00000100000000000000000010000000
00000011000000000000000100000000
00000000111111111111111000000000
00000000000000000000000000000000
00000000000000000000000000000000
00000000000000000000000000000000
00000000000000000000000000000000
00000000000000000000000000000000
00000000000000000000000000000000
00000000000000000000000000000000
00000000000000000000000000000000
00000000000000000000000000000000
00000000000000000000000000000000
00000000000000000000000000000000
00000000000000000000000000000000
00000000000000000000000000000000
00000000000000000000000000000000
00000000000000000000000000000000
00000000000000000000000000000000
00000000000000000000000000000000
